1770.13, 7527.18, 1433.65, 423.3, 21601.72, 10035.72, 2378.49, 3062.38, 345.17, 
30345.78, 300.71, 940.81, 36468.08, 1352.85, 1755.72, 2391.96, 19.98, 19792.8, 15633.88, 7.45, 521.67, 1118.24, 
7231.68, 12399.32, 204.36, 23.64, 5916.48, 313.98, 9212.42, 27476.91, 1761.33, 289.5, 780.3, 15098.46, 813.27, 
47.55, 8323.23, 22634.64, 1831.02, 28808.1, 10539.78, 588.99, 939.78, 7212.41, 15683.01, 41369.09, 5581.6, 
403.36, 375.26, 12276.66, 15393.56, 76.65, 5884.38, 18005.49, 3094.71, 43642.78, 35554.83, 22977.11, 1026.33, 
665.28, 9712.49, 6038.52, 30756.51, 3758.25, 4769.49, 2463.3, 967.11, 2311.74, 1414.83, 12764.91, 4191.24, 
110.76, 637.34, 1195.12, 2271.63, 804.12, 196.17, 167.67, 131.77, 2842.05, 9969.12, 1784.35, 3098.49, 25005.54, 
1300.1, 7920.54, 6471.78, 31707.57, 37636.47, 3980.88, 3339.39, 26563.9, 4038.73, 124.8, 196.65, 2797.77, 
29832.76, 184.84, 79.08, 8047.83, 1726.98, 899.73, 224.06, 6101.31, 729.6, 896.07, 17.82, 26.22, 46429.78, 
31167.27, 2455.94, 37714.3, 1506.93, 3812.78, 25223.34, 3795.96, 437.31, 41278.86, 2091.81, 6296.61, 468.82, 
23629.64, 9725.46, 1317.03, 1225.26, 30034.08, 7893.45, 2036.07, 215.52, 3912.42, 82783.43, 253.14, 966.96, 
3381.26, 164.07, 1984.23, 75.12, 25168.17, 3295.53, 991.12, 10772.1, 44.16, 1311.45, 35352.57, 20.49, 13471.06, 
8171.16, 14075.67, 611.82, 3925.56