1013.14, 8298.48, 875.51, 22320.83, 9251.6, 4516.86, 585.16, 174.2, 27557.79, 
563.25, 558.11, 37117.45, 357.36, 2206.96, 709.5, 35064.03, 7230.78, 235.33, 148.32, 3973.27, 11737.8, 7104.63, 
83.67, 5569.83, 92.34, 1045.62, 9072.51, 42485.82, 5093.82, 14846.16, 943.92, 684.36, 15012.03, 38196.18, 
2448.75, 28881.96, 13912.14, 4507.2, 4931.06, 12805.05, 67912.73, 4492.2, 1740.01, 458.04, 16904.32, 21744.53, 
10417.26, 18665.33, 2808.42, 54195.57, 67332.5, 24390.95, 1790.43, 2234.19, 9917.5, 7408.14, 36051.99, 1352.22, 
1907.7, 2154.66, 1078.21, 3391.65, 28262.73, 5177.04, 66.51, 2031.34, 1683.72, 1970.01, 6515.82, 1055.31, 
1029.48, 5303.4, 1850.96, 1159.41, 39989.13, 1183.87, 96365.09, 8356.68, 7010.24, 23119.23, 46109.28, 9058.95, 
1313.67, 31525.06, 2019.94, 703.04, 1868.79, 700.5, 55512.02, 243.5, 2113.18, 11781.81, 3487.29, 513.12, 5000.7, 
121.02, 1302.78, 169.92, 124.29, 57366.05, 29445.93, 4614.3, 45009.98, 309.24, 3353.67, 41348.34, 2280.27, 
61193.7, 1466.79, 12419.94, 445.12, 25188.65, 12351.23, 1152.3, 26298.81, 9900.78, 5355.57, 2325.66, 6282.81, 
1283.1, 3560.15, 3723.84, 13715.01, 4887.9, 3396.89, 33348.42, 625.02, 1665.48, 32486.97, 20516.22, 8651.16, 
13590.06, 2440.35, 6462.57