981.84, 10209.84, 156.56, 243.06, 21287.52, 7300.51, 434.52, 6065.0, 224.75, 28953.6, 
757.98, 528.15, 34922.41, 50.58, 2918.48, 1044.96, 22195.13, 3951.48, 6977.64, 219.12, 5908.38, 10987.46, 
4852.26, 445.5, 71860.82, 14840.45, 24712.08, 1329.9, 1180.44, 85.02, 10341.63, 690.48, 1939.53, 20010.51, 
914.31, 25223.82, 12804.66, 2124.24, 602.82, 2961.66, 15740.79, 74138.35, 7759.39, 447.0, 2094.84, 22358.95, 
21734.53, 4223.73, 17679.53, 1019.85, 51848.72, 69133.3, 30146.9, 705.48, 14508.88, 7489.38, 20269.44, 246.12, 
668.13, 768.93, 899.16, 2578.2, 4107.99, 20334.57, 366.84, 3249.27, 98.88, 3497.88, 3853.05, 786.75, 1573.68, 
458.36, 1234.77, 1094.22, 2300.61, 970.14, 3068.25, 35792.85, 4277.82, 71080.28, 3016.86, 3157.49, 15888.0, 
30000.36, 1214.22, 1493.94, 32036.69, 4979.66, 106.02, 46257.68, 1033.3, 937.32, 3442.62, 213.15, 338.88, 
9602.34, 2280.99, 73759.08, 23526.12, 6272.74, 43416.3, 576.78, 1471.61, 20844.9, 3497.7, 56382.38, 902.58, 
6235.26, 48.91, 32684.24, 13370.38, 10595.28, 4555.14, 10084.38, 267.72, 1012.95, 4630.5, 364.32, 349.2, 4647.56, 
504.0, 10343.52, 5202.66, 2786.26, 34135.95, 2654.58, 24699.51, 136.26, 23524.51, 8731.68, 8425.86, 835.95, 
11285.19